84 Ρ. RAFFAELLO FRANCI O. F. M.
10111 1101Γ apia, 1 (111011 << facendo atti di yiubz'lo, 0 αἱ 111110νο1100 001ῖο
ali, col collo, colla tesca, col becco 0 0οί 11190110 sembrczm che 911·
(10380110 ic (10110 (1111110010 e w· Offi³iSSffl¹O α gyara ζα [0110 semita (1) ›>.
1110110 non poteva 0330110 110111111030111010 0011 11111 301011110110. Ι1 801110
110110 fisso in 1011110 00110 3111131110 un 00310110 0 00110 faccia 012010 1101130
(1110110 01100111111110, 0110 (10 09111 1101110 911 1110110110 0(1(10330, sta 111 0110
(11 11019011 10110 1111 1113001130, 1110111110 910 1111 0000111110 310 91102103011101110
1103010 311110 3110110 3111131110 1101 Beato 001110 11011 1011911 11110, 00110220.
1111111110 01 1101100 111 1110000300 11110. 1190111110 (11 111010, 0110 11000 11110
31101110 (forse 11 3110 (1110110 Leone), 0011 011111 1110 0000110901 0110 911
31011110 01111110330 0 001111111030 (10 911011ἀο 11101101719110 0110 vista 1101 11110-
(11910. 11 9111111110 0 3111111010 0 10 0011111031210110 111110 0 11011 001111111030
310 11011’1113101110 001110 110110 1110 11100010 1101111.

Un 011110 11110111910 01 111011 (1030111110 (101 11031110 01111310 00110 1110110-
sima 3011111110110 0 (1011021000 0110. 1017010 P, 0110 1’ 01110110 (10110 (1130-
900110 0101000031 3010 00110 111001210110 0 1099011110 (10010110 31011100. Uno
3111131111010 109910 (ἓ) 00011110 11 00111110 (101 109110 110110 0111 3011101110 111 11110
1109910110 011010 0111001111130 (11 1101010110 111001111 0411110110 sedum 10 17011-
91110, 0110 91102103011101110 0 0011 01110110 0101011110 311111190 01 30110 11 suo
00110 (30311. Α1 1110111 (101 109910 11 111011121011010 30111110111310, 0110
3110330 111000111101110 111 (1110310 1011010, 00101111030 (10 1111101100Ζο 3111090
0011’ 11111100 (10110 11101101110110 0 (1110 pellegrini 0 (11 (1110 0 11110
011110 11101110 10111011101110 (1110310 011 109910 10 31011110 (101 01010. Τ11110
11 (11309110 1111030010 1111 10110 101190 0 3111101100; 113300νο10 110110 10 111-
3101120 (101 1110111, (11311111111110 0011 01110 10 11100 111 1110110 0110 111110 11
(11309110 (10 11110 3003021000 111000110Ιο all* 0001110. Lo 3911011110 110110 111-
1011110 3011111110 311 11110110 (το110 1131011οῑ 30110 (1110 1190111110 11011 (1130911010,
10 (111103111130110 1110111 (1011010000 (11 1111 (10010110 1110031110 1101 (111011110-
00111-0, 101110 0 10 0011110 0 10 (1010210110 (110 3111110110. Ε 11010110 abbiamo
10110 111011210110 (11 (1110310 109910. 0 110110 dive (1110100311 111 1111’011110
11101110 31111110 0110 30119010 111 111103311111151 111 11110110 0 (1110 1’ 01110110 110
(1100911010 111 11110 (011110111110 0110 1011010 Q. Su 10 via, 0110 0011110 quasi
11011011010 011’011(1110 (10110 8111111010 10 311011010110 3111130111110 sm 10 1111110
111 0110 11100010 0011110110 (10110 (101 Ρο9910 (1011001100, (11 0111 0 11011010.
La 3110 10111110 0 31111110 011’0111’·0 talamum-010 (101 [Pake &firnata (1110
911 301190 111 11110331111110. 1101111110301110 11100 11110 (τη-1110111110 011 01100 11
1111110 ι30310 0011 1011010 0 (10111110 311101011ῖο 110110 (1111 3011101110 1,·111111109910
11110 0111(οῑ 11 3110 fondo 0 01110110 dove (191110 1111 109910 1101111 101110

 

 

(l) P. ERMENEGILDU 1»,-1 01011οΝ11κο1 S. l⁴'1(m‹.·‹2.x·c·‹1 asanais-satu sn] Jlame
Alvernz'cc, Ρ11010 1891, p. 53.

(211111 leggenda 111101110οΙΙο 10,1’1;1111,11100; ι( sustu del siagsgsio alm bruccia
[senta — ἱ(κνοεεεηςείι del diametro hraeez‘a (ljeiotto,

