?ss P. ZEFFIRINO iii-&ZZERI O. F. M'.

(11101110 11101 111001001111110111 001111 (1011021000 001 Monte 00110 Verna dalla
301111111111. 11110 0110101, 11111 1100011110 30111110 3001100110 0110110 01 110011001001.
Ε 1111110 0 11000, 0110 11 0001111101110 0 indeterminato, 0110, 001110 abbiamo
vedum, 0011 0330 alla 11111110, 1 Εο011 1101 1651, 11011 1101000110 0110110110,
110 111111. Ξο111011Ζ11, 110 1111 0110 0011110010.

D· 011011 111101011011 0 00010 sla 11010031 negare, 0110 11011’13101111101110,
001110 10 abbiamo 0011, 0 3110010 111 01011111 030111111001, 11011 01 31 vecla
sac-ilmente 111 niano 1100011100010100, 0110 11011 0111000000 10 1100010,
11110110 3001110001100 11 1101131000, 001110 0 3111111011110110 1033000 111 1111 101
0001111101110 001 1274. 010 11000 31 3111ος0 1001111101110, 3011011οΟ 1101 0110
11110 001 1651, 011 (11101100 1100011031 0100 111 001110 (101 Νο1000 Vanni,
l' originale « non 31 1101ον0 leg-gere »3 « 1100 1’111011103100 quasi 0011-
3111111110, 01 111110 31100100 0111111, 11111011οΖΖο (101 10111110 >>, 3111000110 1 De-
legati 001 1652,

000 111 (1110310 (0110121001 0 10011110 facile 0110 1110111111011101, 10030
113301 1110110 11001101 01 0331, 0111110111033000 10 11101100, 0110110 30 110011-
00111110 00110013111010, 301120 011ἱ 1111110 01 001000 0110 11001100110110 11111000
01 30001100 mano.

Ν 0110 3031011Ζο 11000, 001110 abbiamo 00001111010, 11 1103100 13101111101110
ha 111111 1 segni (10110 901111111110.

Α1110110 110030111001100 00110 1110100111, 0 (10110. somna 0110 (10110 avere
1111 Atto, 0110 30110 10001100113111111, 0330 0 10001100113110110 111100 pe? 10
0000010010, [13301100 03011011101110 Panno, Γ 11101Ζ10110 0 11 111030, 0 111
0330 11 giorno 000001110.

1113110000 1101 0110 1101130110 11110000110111, 11011 11000 110330 1110000031
11101111 1111111110 3111111 1000 1001111111, 0 10030 001 1000 01111001οΠοῑἳο 0110
11100010 00010 001 0113101111110 (11 01111131, 0110 anzi 110 abbiamo 01100 prove
03301 10011.

Ε330 10 1ῑο01101110 11110111 0110110 111 1111 01100 Atto fatto in Chiusi
110110 310330 1301οΖΖο 001 001110 00101100, Γ 011110 011 giorno medesimo
001 1103100, 1110 0110 0011 10 1100110 1111110 110 0110 farez 0 (11111101 111 110331111
111000 3031101130. Γ1101111031 111 (1110310, 01 una 1100010330 001 001111 01 01111131
0 0011011110, 0011301110 (11 01111910, 0110 10 3110 0010 01 « nonaginta 1111003
110110011111 0011-0010011111 Ρ130110011111 >> 011000 1101 discendenti di Gungio
111000311110, 0 30οἰ1 a 101 0031110110, 30 3011001111111000 01 11100110; 0 1100-
1110110110 01 31000 111 110111 << 31111 1100110 (1111111 0101110 00113 >>. 000 0000
l' 13101111101110 001110 00 10 01110010 salvatore Vitale, 0 00 1111 11001110
11011’ 1100111010 00110 1100110.

« 1113101111101110 0111100 001 figli 001 001110 00101100, cavato 00 1111
100113111110, 0110 0 11011Ἀ110111ν10.

111 1101 1101111110, 11111011. Hoc 031 exemplum 011111300111 011101111000, 01
originalis 1111110ον1111110110 scriptae 11101111 Petri Joannis Νο1111ῑ1 00 Buvgo
Campi, 0011111111113 Α100111, 0111113 101100, 01 forma 111113 esi. Sub 1111110 Do—

